[10, 9, 9, 8, 8, 8, 7, 6, 5, 5, 4, 4, 4, 4, 3, 2, 2, 1, 1, 1],next
[20, 20, 20, 19, 19, 19, 19, 18, 18, 17, 17, 17, 17, 17, 17, 16, 15, 14, 14, 11],next
[18, 16, 16, 15, 14, 13, 13, 12, 12, 11, 8, 7, 6, 5, 5, 4, 3, 2, 2, 1],next
[1, 2, 2, 3, 4, 5, 6, 7, 8, 9, 11, 14, 16, 17, 17, 17, 18, 19, 19, 19],next
[19, 19, 19, 18, 17, 17, 17, 16, 14, 11, 9, 8, 7, 6, 5, 4, 3, 2, 2, 1],next
[17, 2, 9, 7, 2, 17, 19, 5, 1, 17, 18, 14, 3, 19, 8, 4, 6, 19, 16, 11],next
[20, 19, 19, 18, 17, 16, 15, 14, 14, 13, 12, 12, 11, 11, 11, 10, 7, 3, 2, 2],next
[8, 13, 9, 10, 7, 9, 1, 17, 3, 8, 7, 6, 12, 20, 8, 10, 3, 2, 4, 16],next
[19, 17, 14, 13, 13, 12, 12, 12, 11, 9, 9, 9, 8, 7, 7, 7, 7, 6, 2, 2],next
[19, 17, 17, 14, 13, 12, 12, 9, 9, 9, 9, 5, 5, 4, 4, 2, 1, 1, 1, 1],next
[17, 16, 16, 10, 10, 9, 9, 9, 9, 8, 8, 7, 7, 7, 7, 2, 2, 1, 1, 1],next
[15, 5, 11, 3, 2, 1],next
[15, 8, 8, 4, 3, 2],next
[15, 8, 4, 4, 3, 2],next
